0
0
1
0
2
0
3
0
3
1
2
1
2
2
1
2
1
1
0
1
0
2
0
3
1
3
2
3
3
3
3
4
3
5
2
5
2
4
1
4
0
4
0
5
0
6
0
7
1
7
2
7
2
8
2
9
3
9
3
8
3
7
4
7
4
8
5
8
5
9
4
9
4
10
5
10
5
11
6
11
6
10
6
9
7
9
7
10
8
10
8
9
9
9
9
8
8
8
8
7
7
7
6
7
6
6
7
6
7
5
7
4
6
4
5
4
4
4
4
3
4
2
4
1
5
1
5
2
6
2
6
1
7
1
7
0
8
0
9
0
10
0
10
1
11
1
11
0
12
0
12
1
12
2
13
2
14
2
14
3
13
3
13
4
12
4
12
3
11
3
11
4
10
4
10
5
11
5
12
5
12
6
13
6
13
5
14
5
15
5
15
6
16
6
16
5
17
5
18
5
18
4
17
4
17
3
18
3
18
2
18
1
19
1
19
2
20
2
21
2
22
2
22
3
22
4
21
4
21
5
22
5
23
5
23
6
24
6
24
7
24
8
24
9
24
10
24
11
24
12
24
13
23
13
23
14
23
15
23
16
23
17
24
17
24
18
23
18
23
19
24
19
24
20
23
20
22
20
22
21
23
21
23
22
24
22
24
23
24
24
